0 0.9710937738418579 0.7555555701255798 0.05677083507180214 0.14999999105930328
0 0.1562500149011612 0.5740740895271301 0.013541667722165585 0.025925925001502037
0 0.2945312559604645 0.412962943315506 0.04739583656191826 0.08703703433275223
0 0.41197919845581055 0.3759259283542633 0.03229166939854622 0.04814814776182175
0 0.5736979246139526 0.41018518805503845 0.04322917014360428 0.07222221791744232
0 0.6481771469116211 0.43981480598449707 0.04114583507180214 0.05925925821065903
0 0.6705729365348816 0.375 0.03072916902601719 0.04814814776182175
0 0.5940104722976685 0.3462962806224823 0.02864583395421505 0.04259259253740311
0 0.5486979484558105 0.34768518805503845 0.02864583395421505 0.03981481492519379
0 0.3736979365348816 0.3115740716457367 0.02343750186264515 0.032407406717538834
0 0.4359375238418579 0.2976851761341095 0.01979166828095913 0.032407406717538834
0 0.4450521171092987 0.277777761220932 0.01614583469927311 0.02777777798473835
0 0.44687503576278687 0.26620370149612427 0.015625 0.017592592164874077
0 0.4502604305744171 0.25138887763023376 0.01510416716337204 0.01944444328546524
0 0.4583333432674408 0.2421296238899231 0.010416666977107525 0.01944444328546524
0 0.46171876788139343 0.22407406568527222 0.01302083395421505 0.020370369777083397
0 0.4322916865348816 0.23749999701976776 0.01145833358168602 0.015740741044282913
0 0.4130208492279053 0.2291666567325592 0.01666666753590107 0.023148147389292717
0 0.43828126788139343 0.2074074000120163 0.00885416753590107 0.014814814552664757
0 0.4479166865348816 0.22268518805503845 0.010416666977107525 0.013888888992369175
0 0.4580729305744171 0.19768518209457397 0.00885416753590107 0.013888888992369175
0 0.4554687738418579 0.16111110150814056 0.009895834140479565 0.018518518656492233
0 0.45755210518836975 0.16111110150814056 0.01302083395421505 0.018518518656492233
0 0.5242187976837158 0.28611111640930176 0.0182291679084301 0.025925925001502037
0 0.5804687738418579 0.277777761220932 0.01718750037252903 0.025925925001502037
0 0.5486979484558105 0.27314814925193787 0.01614583469927311 0.02222222089767456
0 0.5164062976837158 0.2578703761100769 0.01510416716337204 0.021296296268701553
0 0.5375000238418579 0.2518518567085266 0.01250000111758709 0.024074073880910873
0 0.565625011920929 0.2421296238899231 0.02083333395421505 0.05277777835726738
0 0.5476562976837158 0.23749999701976776 0.01093750074505806 0.013888888992369175
0 0.5244792103767395 0.24074073135852814 0.010416666977107525 0.012962962500751019
0 0.5062500238418579 0.23055554926395416 0.01145833358168602 0.018518518656492233
0 0.5223958492279053 0.22083333134651184 0.010416666977107525 0.021296296268701553
0 0.5283854603767395 0.2101851850748062 0.006770833861082792 0.012962962500751019
0 0.5143229365348816 0.21249999105930328 0.0078125 0.01944444328546524
0 0.5132812857627869 0.20370370149612427 0.00885416753590107 0.01666666567325592
0 0.5020833611488342 0.20277777314186096 0.008333333767950535 0.014814814552664757
0 0.5013021230697632 0.19953703880310059 0.00885416753590107 0.01944444328546524
0 0.5057291984558105 0.17129629850387573 0.00729166716337204 0.014814814552664757
0 0.5119792222976685 0.16620370745658875 0.008333333767950535 0.01944444328546524
0 0.5106770992279053 0.1606481522321701 0.00572916679084301 0.013888888992369175
