0 0.8614583611488342 0.7449073791503906 0.15520833432674408 0.2787036895751953
0 0.6559896469116211 0.45277777314186096 0.0442708358168602 0.06666666269302368
0 0.5903646349906921 0.3333333134651184 0.02864583395421505 0.04259259253740311
0 0.5955729484558105 0.2949073910713196 0.0182291679084301 0.028703702613711357
0 0.542187511920929 0.32685184478759766 0.02708333544433117 0.04259259253740311
0 0.5505208373069763 0.2717592418193817 0.01666666753590107 0.023148147389292717
0 0.5255208611488342 0.28518518805503845 0.01770833507180214 0.025925925001502037
0 0.4049479365348816 0.36064815521240234 0.03177083656191826 0.04537037014961243
0 0.3648437559604645 0.31990739703178406 0.02656250074505806 0.037962961941957474
0 0.3153645992279053 0.32314813137054443 0.02656250074505806 0.03703703731298447
0 0.4231770932674408 0.30694442987442017 0.02447916753590107 0.037962961941957474
0 0.4052083492279053 0.2666666507720947 0.01875000074505806 0.03333333134651184
0 0.40156251192092896 0.22499999403953552 0.02083333395421505 0.046296294778585434
0 0.43020835518836975 0.23796296119689941 0.01250000111758709 0.020370369777083397
0 0.4268229305744171 0.21990740299224854 0.00885416753590107 0.012037036940455437
0 0.4492187798023224 0.21157407760620117 0.009895834140479565 0.013888888992369175
0 0.4515625238418579 0.20092591643333435 0.010416666977107525 0.014814814552664757
0 0.44583335518836975 0.1796296238899231 0.01145833358168602 0.02222222089767456
0 0.5065104365348816 0.22685185074806213 0.009895834140479565 0.014814814552664757
0 0.5250000357627869 0.22407406568527222 0.00937500037252903 0.020370369777083397
0 0.5174479484558105 0.21759258210659027 0.00885416753590107 0.014814814552664757
0 0.530468761920929 0.21296295523643494 0.00885416753590107 0.01666666567325592
0 0.5135416984558105 0.20277777314186096 0.013541667722165585 0.020370369777083397
0 0.4986979365348816 0.19861111044883728 0.0078125 0.013888888992369175
0 0.522656261920929 0.19212962687015533 0.00885416753590107 0.021296296268701553
0 0.5216146111488342 0.18194444477558136 0.00885416753590107 0.01944444328546524
0 0.5101562738418579 0.15740740299224854 0.006770833861082792 0.014814814552664757
0 0.46119794249534607 0.1587962955236435 0.0078125 0.013888888992369175
0 0.4710937738418579 0.18333333730697632 0.006770833861082792 0.014814814552664757
0 0.49375003576278687 0.16203702986240387 0.006250000558793545 0.01111111044883728
0 0.5041667222976685 0.17037037014961243 0.008333333767950535 0.01666666567325592
0 0.507031261920929 0.1805555522441864 0.006770833861082792 0.014814814552664757
