0 0.9606771469116211 0.7314814925193787 0.07760416716337204 0.13333332538604736
0 0.7820312976837158 0.6439814567565918 0.09322917461395264 0.14907407760620117
0 0.6020833849906921 0.5268518328666687 0.05937500298023224 0.09259258955717087
0 0.6424479484558105 0.4462962746620178 0.04218750074505806 0.057407405227422714
0 0.694531261920929 0.36249998211860657 0.0755208358168602 0.14351852238178253
0 0.6153646111488342 0.3879629671573639 0.03281250223517418 0.04814814776182175
0 0.5528646111488342 0.3731481432914734 0.03177083656191826 0.046296294778585434
0 0.3023437559604645 0.4245370328426361 0.05052083730697632 0.08425925672054291
0 0.5765625238418579 0.30787035822868347 0.02708333544433117 0.05648148059844971
0 0.550000011920929 0.27453702688217163 0.01666666753590107 0.026851851493120193
0 0.5546875 0.24861110746860504 0.010416666977107525 0.01944444328546524
0 0.5414062738418579 0.25462961196899414 0.01510416716337204 0.020370369777083397
0 0.5164062976837158 0.25231480598449707 0.014062500558793545 0.01944444328546524
0 0.5281250476837158 0.23657406866550446 0.01145833358168602 0.015740741044282913
0 0.5091146230697632 0.23796296119689941 0.009895834140479565 0.01666666567325592
0 0.38854169845581055 0.2986111044883728 0.02187500149011612 0.032407406717538834
0 0.3658854365348816 0.2560185194015503 0.03072916902601719 0.06574074178934097
0 0.4111979305744171 0.2412036955356598 0.014062500558793545 0.021296296268701553
0 0.4359375238418579 0.23148147761821747 0.010416666977107525 0.02222222089767456
0 0.44453126192092896 0.22685185074806213 0.00885416753590107 0.025925925001502037
0 0.43906253576278687 0.19490739703178406 0.013541667722165585 0.026851851493120193
0 0.4671875238418579 0.21064814925193787 0.00937500037252903 0.017592592164874077
0 0.5 0.20416666567325592 0.00729166716337204 0.013888888992369175
0 0.515625 0.20879629254341125 0.008333333767950535 0.013888888992369175
0 0.5236979722976685 0.19768518209457397 0.0078125 0.013888888992369175
0 0.5002604722976685 0.19861111044883728 0.006770833861082792 0.021296296268701553
0 0.5190104246139526 0.18472221493721008 0.006770833861082792 0.017592592164874077
0 0.5177083611488342 0.16805554926395416 0.008333333767950535 0.013888888992369175
0 0.46796876192092896 0.20416666567325592 0.01093750074505806 0.028703702613711357
0 0.45494794845581055 0.19305555522441864 0.00885416753590107 0.021296296268701553
0 0.45781251788139343 0.17499999701976776 0.013541667722165585 0.01666666567325592
0 0.45338544249534607 0.17083333432674408 0.00885416753590107 0.015740741044282913
0 0.4606771171092987 0.15740740299224854 0.0078125 0.014814814552664757
0 0.4687500298023224 0.1953703612089157 0.01250000111758709 0.03333333134651184
0 0.5085937976837158 0.16018518805503845 0.006770833861082792 0.014814814552664757
