0 0.9513021111488342 0.9287036657333374 0.0963541716337204 0.14074073731899261
0 0.08645834028720856 0.729629635810852 0.11875000596046448 0.16851851344108582
0 0.6156250238418579 0.5472221970558167 0.06041666865348816 0.08888888359069824
0 0.5476562976837158 0.3574073910713196 0.02968750149011612 0.040740739554166794
0 0.6098958849906921 0.3791666626930237 0.03333333507180214 0.04722222313284874
0 0.6372396349906921 0.3499999940395355 0.02760416828095913 0.040740739554166794
0 0.5994791984558105 0.27453702688217163 0.03541667014360428 0.07870370149612427
0 0.573437511920929 0.31296294927597046 0.02395833469927311 0.04259259253740311
0 0.5546875 0.2847222089767456 0.01770833507180214 0.026851851493120193
0 0.5575520992279053 0.27222222089767456 0.014062500558793545 0.02222222089767456
0 0.5208333730697632 0.27824074029922485 0.01875000074505806 0.028703702613711357
0 0.2731770873069763 0.3333333134651184 0.06614583730697632 0.12037036567926407
0 0.38593751192092896 0.2898148000240326 0.02187500149011612 0.03703703731298447
0 0.4062500298023224 0.27222222089767456 0.01875000074505806 0.029629629105329514
0 0.4231770932674408 0.24722221493721008 0.01302083395421505 0.020370369777083397
0 0.4231770932674408 0.24722221493721008 0.01302083395421505 0.020370369777083397
0 0.4541666805744171 0.24722221493721008 0.013541667722165585 0.018518518656492233
0 0.5177083611488342 0.2578703761100769 0.01458333432674408 0.021296296268701553
0 0.5369791984558105 0.244907408952713 0.01458333432674408 0.034259259700775146
0 0.5250000357627869 0.23240740597248077 0.01145833358168602 0.01666666567325592
0 0.5239583849906921 0.22777777910232544 0.01250000111758709 0.018518518656492233
0 0.5067708492279053 0.2222222238779068 0.01145833358168602 0.018518518656492233
0 0.5059896111488342 0.2203703671693802 0.011979167349636555 0.018518518656492233
0 0.518750011920929 0.2203703671693802 0.00937500037252903 0.018518518656492233
0 0.5369791984558105 0.24027776718139648 0.013541667722165585 0.03981481492519379
0 0.45911461114883423 0.2291666567325592 0.01614583469927311 0.01944444328546524
0 0.46015626192092896 0.22638888657093048 0.0182291679084301 0.023148147389292717
0 0.42786461114883423 0.20787036418914795 0.01302083395421505 0.03055555559694767
0 0.4333333671092987 0.19814814627170563 0.01250000111758709 0.024074073880910873
0 0.4476562738418579 0.21574074029922485 0.009895834140479565 0.01111111044883728
0 0.46692711114883423 0.2023148089647293 0.009895834140479565 0.010185184888541698
0 0.4463541805744171 0.1875 0.00729166716337204 0.015740741044282913
0 0.45911461114883423 0.15740740299224854 0.00885416753590107 0.01666666567325592
0 0.5093750357627869 0.1875 0.00729166716337204 0.013888888992369175
0 0.5158854722976685 0.17407406866550446 0.006770833861082792 0.024074073880910873
0 0.5114583373069763 0.16249999403953552 0.01250000111758709 0.015740741044282913
0 0.5104166865348816 0.16249999403953552 0.013541667722165585 0.013888888992369175
