0 0.03203125298023224 0.5990740656852722 0.06406250596046448 0.1111111119389534
0 0.2473958432674408 0.3296296298503876 0.08125000447034836 0.14259259402751923
0 0.6026042103767395 0.49259257316589355 0.05104167014360428 0.07962962985038757
0 0.7322916984558105 0.44027775526046753 0.0468750037252903 0.06574074178934097
0 0.6229166984558105 0.37546294927597046 0.03750000149011612 0.049074072390794754
0 0.3778645992279053 0.2874999940395355 0.02343750186264515 0.034259259700775146
0 0.38723960518836975 0.23749999701976776 0.01510416716337204 0.021296296268701553
0 0.42213544249534607 0.2291666567325592 0.01302083395421505 0.01944444328546524
0 0.4466145932674408 0.22962962090969086 0.014062500558793545 0.020370369777083397
0 0.4541666805744171 0.21666666865348816 0.010416666977107525 0.014814814552664757
0 0.43307292461395264 0.21157407760620117 0.011979167349636555 0.01944444328546524
0 0.41875001788139343 0.1935185194015503 0.015625 0.03703703731298447
0 0.43307292461395264 0.1953703612089157 0.011979167349636555 0.03333333134651184
0 0.4440104365348816 0.19722221791744232 0.00885416753590107 0.014814814552664757
0 0.45364585518836975 0.16990740597248077 0.00729166716337204 0.017592592164874077
0 0.44713544845581055 0.1509259194135666 0.00885416753590107 0.020370369777083397
0 0.4481770992279053 0.14907407760620117 0.01093750074505806 0.020370369777083397
0 0.5192708373069763 0.25231480598449707 0.01666666753590107 0.023148147389292717
0 0.5424479246139526 0.23749999701976776 0.01510416716337204 0.028703702613711357
0 0.5291666984558105 0.22361110150814056 0.01145833358168602 0.015740741044282913
0 0.5408854484558105 0.21296295523643494 0.01302083395421505 0.02222222089767456
0 0.5408854484558105 0.21249999105930328 0.01302083395421505 0.023148147389292717
0 0.5171875357627869 0.20694443583488464 0.00937500037252903 0.015740741044282913
0 0.5010417103767395 0.20462962985038757 0.00937500037252903 0.012962962500751019
0 0.5169271230697632 0.19675925374031067 0.00885416753590107 0.021296296268701553
0 0.5250000357627869 0.18472221493721008 0.01145833358168602 0.028703702613711357
0 0.5242187976837158 0.1814814805984497 0.01093750074505806 0.03333333134651184
0 0.5078125 0.1814814805984497 0.006250000558793545 0.012962962500751019
0 0.5122396349906921 0.1675925850868225 0.014062500558793545 0.020370369777083397
0 0.5085937976837158 0.1648148149251938 0.01718750037252903 0.01111111044883728
0 0.5104166865348816 0.14537036418914795 0.00729166716337204 0.020370369777083397
0 0.4932291805744171 0.15509259700775146 0.00729166716337204 0.013888888992369175
