0 0.16744792461395264 0.9481481313705444 0.13385418057441711 0.10185185074806213
0 0.0468750037252903 0.7800925970077515 0.0937500074505806 0.1787036955356598
0 0.3291666805744171 0.5620370507240295 0.06666667014360428 0.09814814478158951
0 0.3968750238418579 0.38148146867752075 0.03437500074505806 0.0555555559694767
0 0.4130208492279053 0.322685182094574 0.0260416679084301 0.03611110895872116
0 0.37291669845581055 0.28703704476356506 0.02187500149011612 0.02777777798473835
0 0.3854166865348816 0.23981481790542603 0.0260416679084301 0.0555555559694767
0 0.4007812738418579 0.22962962090969086 0.02031250111758709 0.05000000074505806
0 0.4205729365348816 0.22453702986240387 0.01093750074505806 0.021296296268701553
0 0.4270833432674408 0.25138887763023376 0.013541667722165585 0.01944444328546524
0 0.4385416805744171 0.2847222089767456 0.01875000074505806 0.026851851493120193
0 0.448697954416275 0.25231480598449707 0.01614583469927311 0.03055555559694767
0 0.44453126192092896 0.22499999403953552 0.009895834140479565 0.01666666567325592
0 0.45078128576278687 0.16805554926395416 0.00885416753590107 0.021296296268701553
0 0.4583333432674408 0.15833333134651184 0.008333333767950535 0.012962962500751019
0 0.5817708373069763 0.42314815521240234 0.03854166716337204 0.06296296417713165
0 0.5895833373069763 0.345370352268219 0.02708333544433117 0.03703703731298447
0 0.6231771111488342 0.32777777314186096 0.02552083507180214 0.03888888657093048
0 0.5877604484558105 0.2805555462837219 0.01614583469927311 0.025925925001502037
0 0.5372396111488342 0.28009259700775146 0.01718750037252903 0.023148147389292717
0 0.5205729603767395 0.2680555582046509 0.01718750037252903 0.028703702613711357
0 0.5177083611488342 0.25555554032325745 0.01458333432674408 0.020370369777083397
0 0.5497395992279053 0.26620370149612427 0.014062500558793545 0.023148147389292717
0 0.5544270873069763 0.24675925076007843 0.011979167349636555 0.021296296268701553
0 0.546875 0.22268518805503845 0.01666666753590107 0.03981481492519379
0 0.5289062857627869 0.23842592537403107 0.01093750074505806 0.015740741044282913
0 0.5085937976837158 0.23657406866550446 0.01093750074505806 0.017592592164874077
0 0.5062500238418579 0.22499999403953552 0.010416666977107525 0.020370369777083397
0 0.5221354365348816 0.22361110150814056 0.0078125 0.015740741044282913
0 0.5322917103767395 0.2203703671693802 0.00937500037252903 0.020370369777083397
0 0.5028645992279053 0.21481481194496155 0.009895834140479565 0.014814814552664757
0 0.5013021230697632 0.21111111342906952 0.011979167349636555 0.01666666567325592
0 0.5135416984558105 0.19768518209457397 0.010416666977107525 0.01944444328546524
0 0.5197917222976685 0.1953703612089157 0.008333333767950535 0.020370369777083397
0 0.5088542103767395 0.16111110150814056 0.00729166716337204 0.014814814552664757
0 0.5080729722976685 0.18472221493721008 0.006770833861082792 0.015740741044282913
0 0.49791669845581055 0.18888889253139496 0.008333333767950535 0.03333333134651184
0 0.47447919845581055 0.17592592537403107 0.008333333767950535 0.031481482088565826
